% Intrinsic and Extrinsic Camera Parameters
%
% This script file can be directly excecuted under Matlab to recover the camera intrinsic and extrinsic parameters.
% IMPORTANT: This file contains neither the structure of the calibration objects nor the image coordinates of the calibration points.
%            All those complementary variables are saved in the complete matlab data file Calib_Results.mat.
% For more information regarding the calibration model visit http://www.vision.caltech.edu/bouguetj/calib_doc/


%-- Focal length:
fc = [ 702.241802376857549 ; 701.576082022296191 ];

%-- Principal point:
cc = [ 639.803668233962412 ; 350.140215607782807 ];

%-- Skew coefficient:
alpha_c = 0.000000000000000;

%-- Distortion coefficients:
kc = [ -0.171894643355462 ; 0.025323576610994 ; -0.000255556405386 ; -0.000353604064545 ; 0.000000000000000 ];

%-- Focal length uncertainty:
fc_error = [ 1.376842917319208 ; 1.312848680992558 ];

%-- Principal point uncertainty:
cc_error = [ 1.084956893730942 ; 1.063674139793094 ];

%-- Skew coefficient uncertainty:
alpha_c_error = 0.000000000000000;

%-- Distortion coefficients uncertainty:
kc_error = [ 0.001058996573755 ; 0.000780476454789 ; 0.000159111689361 ; 0.000140612449264 ; 0.000000000000000 ];

%-- Image size:
nx = 1280;
ny = 720;


%-- Various other variables (may be ignored if you do not use the Matlab Calibration Toolbox):
%-- Those variables are used to control which intrinsic parameters should be optimized

n_ima = 37;						% Number of calibration images
est_fc = [ 1 ; 1 ];					% Estimation indicator of the two focal variables
est_aspect_ratio = 1;				% Estimation indicator of the aspect ratio fc(2)/fc(1)
center_optim = 1;					% Estimation indicator of the principal point
est_alpha = 0;						% Estimation indicator of the skew coefficient
est_dist = [ 1 ; 1 ; 1 ; 1 ; 0 ];	% Estimation indicator of the distortion coefficients


%-- Extrinsic parameters:
%-- The rotation (omc_kk) and the translation (Tc_kk) vectors for every calibration image and their uncertainties

%-- Image #1:
omc_1 = [ 3.822344e-01 ; 2.944124e-01 ; 1.539052e+00 ];
Tc_1  = [ 3.024446e+02 ; -2.986186e+02 ; 7.140992e+02 ];
omc_error_1 = [ 1.965062e-03 ; 1.964989e-03 ; 4.387216e-04 ];
Tc_error_1  = [ 1.186048e+00 ; 1.134711e+00 ; 1.669541e+00 ];

%-- Image #2:
omc_2 = [ 1.904716e-01 ; 3.553463e-02 ; 1.537878e+00 ];
Tc_2  = [ 2.983324e+02 ; -2.988042e+02 ; 7.247582e+02 ];
omc_error_2 = [ 1.957232e-03 ; 1.936189e-03 ; 3.018827e-04 ];
Tc_error_2  = [ 1.187308e+00 ; 1.156962e+00 ; 1.654919e+00 ];

%-- Image #3:
omc_3 = [ -4.897707e-02 ; -2.465846e-01 ; 1.494369e+00 ];
Tc_3  = [ 4.570345e+02 ; -9.249293e+01 ; 9.292368e+02 ];
omc_error_3 = [ 1.907014e-03 ; 2.021689e-03 ; 4.717079e-04 ];
Tc_error_3  = [ 1.417763e+00 ; 1.473936e+00 ; 2.011315e+00 ];

%-- Image #4:
omc_4 = [ -2.653297e-02 ; -1.091990e-01 ; 1.589346e+00 ];
Tc_4  = [ 2.894236e+02 ; -2.855570e+02 ; 1.261462e+03 ];
omc_error_4 = [ 3.942147e-03 ; 3.928260e-03 ; 4.654638e-04 ];
Tc_error_4  = [ 1.952694e+00 ; 1.933048e+00 ; 2.748042e+00 ];

%-- Image #5:
omc_5 = [ 2.183297e-01 ; 2.194060e-01 ; 1.548587e+00 ];
Tc_5  = [ 1.703146e+02 ; -2.954872e+02 ; 1.130542e+03 ];
omc_error_5 = [ 2.618598e-03 ; 2.657635e-03 ; 4.860308e-04 ];
Tc_error_5  = [ 1.786031e+00 ; 1.727042e+00 ; 2.474570e+00 ];

%-- Image #6:
omc_6 = [ -5.242803e-01 ; 4.208518e-01 ; 1.479762e+00 ];
Tc_6  = [ 1.828672e+02 ; -2.351083e+02 ; 1.661472e+03 ];
omc_error_6 = [ 2.342044e-03 ; 2.379582e-03 ; 8.607431e-04 ];
Tc_error_6  = [ 2.566101e+00 ; 2.524135e+00 ; 3.164667e+00 ];

%-- Image #7:
omc_7 = [ 7.739668e-02 ; 1.372760e-01 ; 1.913521e+00 ];
Tc_7  = [ 7.180303e+02 ; -1.385979e+02 ; 1.260360e+03 ];
omc_error_7 = [ 4.010807e-03 ; 3.790934e-03 ; 5.814881e-04 ];
Tc_error_7  = [ 2.014679e+00 ; 2.029331e+00 ; 2.948274e+00 ];

%-- Image #8:
omc_8 = [ -2.441020e-01 ; -5.882541e-02 ; 1.441613e+00 ];
Tc_8  = [ 4.350168e+02 ; -1.133096e+02 ; 1.129021e+03 ];
omc_error_8 = [ 2.301488e-03 ; 2.329906e-03 ; 4.253315e-04 ];
Tc_error_8  = [ 1.715554e+00 ; 1.757245e+00 ; 2.271908e+00 ];

%-- Image #9:
omc_9 = [ -3.623108e-01 ; 7.603316e-02 ; 1.416388e+00 ];
Tc_9  = [ 4.128989e+02 ; -1.078603e+02 ; 1.238097e+03 ];
omc_error_9 = [ 2.443347e-03 ; 2.415763e-03 ; 4.666471e-04 ];
Tc_error_9  = [ 1.884493e+00 ; 1.915505e+00 ; 2.378357e+00 ];

%-- Image #10:
omc_10 = [ -4.948855e-01 ; -9.577560e-02 ; 1.382273e+00 ];
Tc_10  = [ 3.411175e+02 ; -1.410489e+02 ; 1.330586e+03 ];
omc_error_10 = [ 2.194669e-03 ; 2.141359e-03 ; 5.819118e-04 ];
Tc_error_10  = [ 2.044838e+00 ; 2.044655e+00 ; 2.415678e+00 ];

%-- Image #11:
omc_11 = [ -1.513575e-01 ; -2.485312e-01 ; 1.556338e+00 ];
Tc_11  = [ 6.577121e+02 ; -3.595960e+02 ; 2.130375e+03 ];
omc_error_11 = [ 3.653666e-03 ; 3.592020e-03 ; 1.020121e-03 ];
Tc_error_11  = [ 3.367405e+00 ; 3.298737e+00 ; 4.570650e+00 ];

%-- Image #12:
omc_12 = [ 3.761580e-02 ; 1.869864e-01 ; 2.192181e+00 ];
Tc_12  = [ 9.537763e+02 ; 2.816613e+01 ; 2.011243e+03 ];
omc_error_12 = [ 6.811212e-03 ; 7.141921e-03 ; 1.029657e-03 ];
Tc_error_12  = [ 3.208765e+00 ; 3.203094e+00 ; 4.492550e+00 ];

%-- Image #13:
omc_13 = [ 6.536136e-01 ; 6.048682e-01 ; 1.501477e+00 ];
Tc_13  = [ 9.989059e+02 ; 1.157707e+02 ; 1.483812e+03 ];
omc_error_13 = [ 3.552679e-03 ; 3.657231e-03 ; 1.529319e-03 ];
Tc_error_13  = [ 2.737070e+00 ; 2.513483e+00 ; 4.075041e+00 ];

%-- Image #14:
omc_14 = [ -2.551804e-01 ; -3.055485e-01 ; 1.543618e+00 ];
Tc_14  = [ 5.802095e+02 ; 9.716257e+01 ; 1.970184e+03 ];
omc_error_14 = [ 2.973260e-03 ; 2.950108e-03 ; 7.582293e-04 ];
Tc_error_14  = [ 3.056622e+00 ; 3.072254e+00 ; 4.049378e+00 ];

%-- Image #15:
omc_15 = [ -2.186869e-01 ; -5.098561e-01 ; 9.364991e-01 ];
Tc_15  = [ -5.330425e+02 ; -1.724230e+02 ; 1.916219e+03 ];
omc_error_15 = [ 5.050080e-03 ; 5.273402e-03 ; 9.921825e-04 ];
Tc_error_15  = [ 3.181207e+00 ; 2.962205e+00 ; 4.203277e+00 ];

%-- Image #16:
omc_16 = [ -5.256693e-01 ; -5.578413e-01 ; 1.489045e+00 ];
Tc_16  = [ -8.621297e+02 ; 1.153125e+02 ; 1.703443e+03 ];
omc_error_16 = [ 5.453534e-03 ; 5.895203e-03 ; 1.814681e-03 ];
Tc_error_16  = [ 3.031082e+00 ; 2.749748e+00 ; 4.485173e+00 ];

%-- Image #17:
omc_17 = [ -5.945334e-01 ; -6.261625e-01 ; 1.463855e+00 ];
Tc_17  = [ -5.539585e+02 ; 1.253998e+02 ; 1.375617e+03 ];
omc_error_17 = [ 3.202322e-03 ; 3.381745e-03 ; 1.042190e-03 ];
Tc_error_17  = [ 2.308864e+00 ; 2.157653e+00 ; 3.066225e+00 ];

%-- Image #18:
omc_18 = [ -7.624529e-01 ; -6.910384e-01 ; 1.574934e+00 ];
Tc_18  = [ -1.628631e+02 ; 1.127326e+02 ; 1.213932e+03 ];
omc_error_18 = [ 2.113781e-03 ; 2.010899e-03 ; 7.136150e-04 ];
Tc_error_18  = [ 1.929667e+00 ; 1.828818e+00 ; 1.899977e+00 ];

%-- Image #19:
omc_19 = [ -5.695952e-01 ; -4.822773e-01 ; 1.452525e+00 ];
Tc_19  = [ 1.661478e+02 ; -3.070467e+02 ; 1.584130e+03 ];
omc_error_19 = [ 2.257515e-03 ; 2.215458e-03 ; 8.397887e-04 ];
Tc_error_19  = [ 2.462658e+00 ; 2.407206e+00 ; 2.821280e+00 ];

%-- Image #20:
omc_20 = [ -4.618548e-01 ; -5.258522e-01 ; 1.660478e+00 ];
Tc_20  = [ 1.431734e+02 ; -3.076462e+02 ; 1.438455e+03 ];
omc_error_20 = [ 2.487448e-03 ; 2.387729e-03 ; 8.098026e-04 ];
Tc_error_20  = [ 2.245543e+00 ; 2.178927e+00 ; 2.556611e+00 ];

%-- Image #21:
omc_21 = [ -1.427631e-01 ; -1.465305e-01 ; 1.715115e+00 ];
Tc_21  = [ 1.942737e+02 ; -3.008289e+02 ; 1.176394e+03 ];
omc_error_21 = [ 3.277063e-03 ; 3.222145e-03 ; 5.456004e-04 ];
Tc_error_21  = [ 1.814754e+00 ; 1.782175e+00 ; 2.454879e+00 ];

%-- Image #22:
omc_22 = [ 1.206677e-01 ; 1.728793e-01 ; 1.729362e+00 ];
Tc_22  = [ 2.104408e+02 ; -2.915317e+02 ; 9.514812e+02 ];
omc_error_22 = [ 2.350919e-03 ; 2.382166e-03 ; 3.978652e-04 ];
Tc_error_22  = [ 1.511875e+00 ; 1.453133e+00 ; 2.039580e+00 ];

%-- Image #23:
omc_23 = [ -3.873594e-01 ; 3.834064e-01 ; 1.680486e+00 ];
Tc_23  = [ 1.745501e+02 ; -3.046174e+02 ; 1.328970e+03 ];
omc_error_23 = [ 2.217594e-03 ; 2.294892e-03 ; 6.856171e-04 ];
Tc_error_23  = [ 2.062336e+00 ; 2.003834e+00 ; 2.487163e+00 ];

%-- Image #24:
