DeltaInit =

    0.1039
   -0.0405
   -0.2718


rpyinit =

    1.0735   -2.3961   88.9119


LinearRms =

    0.0093


PhiEnd =

    0.9990   -0.0431    0.0149
    0.0157    0.0168   -0.9997
    0.0429    0.9989    0.0175


DeltaEnd =

    0.1169
   -0.0500
   -0.2737


fval =

    0.0067


rpy =

    0.8991   -2.4561   88.9977

>> nc

nc =

   -0.6398    0.2486    0.7272
   -0.1014    0.0059    0.9948
    0.2928    0.6037    0.7415
   -0.2214    0.1021    0.9698
   -0.2423    0.0328    0.9697
   -0.4749    0.1168    0.8722
    0.0152    0.1626    0.9866
    0.4202   -0.3297    0.8454
    0.3290   -0.2125    0.9201
    0.7280   -0.3239    0.6042
    0.3960   -0.3273    0.8579
   -0.1853   -0.1629    0.9691
    0.1363   -0.2400    0.9612
   -0.3119   -0.3146    0.8965
   -0.5381   -0.1466    0.8301
   -0.7534   -0.1670    0.6360
   -0.4528   -0.2662    0.8509
   -0.5980   -0.2518    0.7609
   -0.6917   -0.1749    0.7007
    0.2562   -0.2263    0.9397

>> nl

nl =

   -0.5865    0.7692   -0.2536
   -0.0568    0.9984    0.0071
    0.3395    0.7220   -0.6028
   -0.1782    0.9798   -0.0914
   -0.2089    0.9777   -0.0197
   -0.4351    0.8905   -0.1330
    0.0783    0.9867   -0.1424
    0.4460    0.8223    0.3534
    0.3673    0.9022    0.2262
    0.7217    0.5926    0.3578
    0.4369    0.8273    0.3530
   -0.1689    0.9681    0.1851
    0.1736    0.9478    0.2674
   -0.2910    0.9080    0.3015
   -0.4882    0.8634    0.1270
   -0.7418    0.6375    0.2081
   -0.4379    0.8542    0.2804
   -0.5455    0.7876    0.2866
   -0.6485    0.7368    0.1913
    0.2760    0.9211    0.2746

>> dc

dc =

    1.1223
    1.2878
    1.3330
    1.4086
    1.2376
    2.1486
    1.4531
    1.0307
    1.0961
    0.9053
    0.9625
    0.9576
    1.1708
    0.9333
    1.4738
    1.6304
    1.6576
    1.1888
    1.0908
    1.1220

>> dl

dl =

    1.4144
    1.5667
    1.5181
    1.7065
    1.5283
    2.4380
    1.7338
    1.1960
    1.3029
    1.0180
    1.1177
    1.2250
    1.3920
    1.2248
    1.7728
    1.8375
    1.9104
    1.4535
    1.3552
    1.3331

